C	-0.697982	-2.34425	-0.224062	0.10874165
C	-1.309983	-3.327488	-1.037603	0.14184959
C	-1.656738	-1.368094	0.045605	-0.005390843
N	-2.581804	-2.98745	-1.268455	0.000753242
C	-2.842176	-1.779132	-0.62603	0.063040629
C	-1.431423	-0.157854	0.896885	-0.020496274
B	-3.596621	-3.804916	-2.118167	0.004169176
C	-4.097867	-1.176802	-0.733015	-0.007118393
H	-1.411382	0.75882	0.296907	0.012179385
H	-2.217403	-0.037785	1.647338	0.016714838
H	-0.471092	-0.244576	1.412608	0.0170061
N	-4.928133	-3.00204	-2.089661	0.021675651
F	-3.142682	-3.912663	-3.43055	-0.000863088
F	-3.778801	-5.062533	-1.555452	-0.000135771
C	-5.128662	-1.775568	-1.458505	-0.074599352
C	-4.327127	0.138744	-0.075442	0.013329343
C	-6.061098	-3.349766	-2.712098	-0.17596724
C	-6.467448	-1.356715	-1.717837	-0.029346774
C	-4.896669	0.186462	1.204684	-0.005806399
C	-3.947084	1.313555	-0.739897	-0.004887367
C	-7.030958	-2.352942	-2.498411	-0.058874776
C	-7.166937	-0.114407	-1.260839	0.045883168
C	-5.28342	-1.003567	1.901506	-0.002835596
C	-5.093955	1.455218	1.843017	0.001247625
C	-4.133178	2.580955	-0.095448	0.003749968
C	-3.36411	1.284717	-2.048223	0.013986266
H	-8.041222	-2.372742	-2.886013	0.005061672
H	-7.291157	-0.100126	-0.172971	-0.020640233
H	-6.612731	0.788757	-1.534233	-0.022084668
H	-8.159331	-0.059549	-1.716975	-0.025611233
C	-5.842679	-0.937814	3.141987	0.00593274
H	-5.126773	-1.965104	1.423722	0.00314668
C	-5.688577	1.475321	3.146498	-0.00032963
C	-4.704845	2.63636	1.187501	-0.002788105
C	-3.712762	3.763727	-0.786541	-0.002118293
H	-3.229648	0.328159	-2.542245	-0.006174147
C	-2.97952	2.43484	-2.668709	-0.010612138
C	-6.05116	0.321029	3.772662	-0.002099759
H	-6.131585	-1.849628	3.655531	-0.000576816
H	-5.847485	2.432857	3.630489	0.000815266
C	-4.891566	3.955374	1.860894	0.001916842
C	-3.154295	3.693313	-2.027054	0.003208693
H	-3.845098	4.724094	-0.300128	-0.000802062
H	-2.537685	2.394232	-3.659621	0.000856852
H	-6.501191	0.356957	4.760074	0.000330326
C	-6.033039	4.722917	1.616983	0.018173913
C	-3.924402	4.439565	2.745285	-0.021605464
H	-2.840013	4.600862	-2.533487	-0.000750298
C	-6.204572	5.952514	2.246032	-0.007621643
H	-6.786591	4.349101	0.929446	-0.002147431
C	-4.095423	5.668926	3.374512	0.009378388
H	-3.036098	3.844171	2.936969	0.003424037
C	-5.236029	6.427853	3.126059	-0.000537739
H	-7.096649	6.539515	2.048555	0.0027907
H	-3.336387	6.03442	4.059839	-0.003330339
H	-5.369877	7.387092	3.617071	2.25973E-05
C	-0.696793	-4.569393	-1.588662	-0.046217203
H	-1.095337	-5.451668	-1.077074	0.039036105
H	-0.939395	-4.673531	-2.648867	0.03491448
H	0.38768	-4.543982	-1.460649	0.015210191
C	-6.188585	-4.611971	-3.495803	0.055442733
H	-5.463941	-4.623399	-4.315345	-0.038551477
H	-5.967912	-5.476435	-2.863058	-0.039912938
H	-7.197206	-4.708492	-3.903309	-0.018849346
H	-0.362228	-2.786597	0.690541	-0.004306011
C	1.309462	-3.327631	1.037428	0.143111886
C	0.6976	-2.344333	0.223862	0.108710258
C	1.656465	-1.368256	-0.045736	-0.003432712
C	2.841805	-1.779396	0.62599	0.061809309
N	2.581305	-2.987713	1.268349	-0.002553549
C	4.097585	-1.177242	0.732952	-0.002042429
C	5.128283	-1.776108	1.458495	-0.075739441
C	6.467086	-1.357351	1.717904	-0.024999082
N	4.927567	-3.002478	2.089794	0.016788119
C	7.030394	-2.353493	2.498731	-0.061826642
C	6.060417	-3.350198	2.712439	-0.172753062
H	8.040619	-2.373349	2.886434	0.005653601
B	3.595893	-3.805108	2.118399	0.009572511
F	3.14183	-3.912401	3.430764	-0.001708653
F	3.777872	-5.062921	1.556034	-0.000747579
C	4.327042	0.138243	0.075332	0.014879328
C	4.896486	0.185817	-1.204842	-0.005535225
C	3.947328	1.313146	0.73981	-0.004747698
C	5.282875	-1.004315	-1.901688	-0.005083426
C	5.094067	1.454524	-1.843182	0.001999827
C	4.133715	2.580502	0.095358	0.005452446
C	3.364425	1.284445	2.048171	0.011161955
C	5.842063	-0.938711	-3.142209	0.007812331
H	5.126009	-1.965811	-1.423893	0.002773276
C	5.688614	1.474466	-3.1467	0.000299723
C	4.705334	2.635769	-1.187621	-0.005550124
C	3.713635	3.763375	0.786487	-0.00268945
H	3.229737	0.327917	2.542189	-0.006033329
C	2.98017	2.434662	2.668691	-0.008510816
C	6.050841	0.320077	-3.772892	-0.003734063
H	6.130687	-1.850602	-3.655776	-0.000692059
H	5.84776	2.431956	-3.630703	0.000897423
C	3.155227	3.693094	2.027033	0.002140469
H	3.846172	4.723713	0.300072	-0.000481881
H	2.538384	2.394159	3.659629	0.000513552
H	6.500817	0.355887	-4.760334	0.000624924
H	2.841199	4.600718	2.533489	-0.000481971
C	4.892429	3.954743	-1.860986	0.003214774
C	6.034076	4.721993	-1.616967	0.017211641
C	3.925461	4.439202	-2.745446	-0.021945174
C	6.205974	5.951561	-2.245974	-0.007447513
H	6.787478	4.34797	-0.929378	-0.001660432
C	4.096846	5.668532	-3.374631	0.009297068
H	3.037019	3.84404	-2.937214	0.003598385
C	5.237624	6.427165	-3.126068	-0.000457499
H	7.098186	6.538327	-2.048412	0.002755668
H	3.337959	6.034237	-4.060009	-0.003321566
H	5.371753	7.38638	-3.617049	-1.07947E-05
C	1.431317	-0.157985	-0.897012	-0.022124171
H	1.411603	0.758714	-0.297066	0.012216635
H	2.217227	-0.038144	-1.647582	0.016647293
H	0.470902	-0.244486	-1.412612	0.0173768
C	7.166779	-0.115202	1.260789	0.040324716
H	7.290883	-0.100965	0.17291	-0.019727173
H	6.612776	0.788079	1.53422	-0.021577357
H	8.15923	-0.06053	1.716823	-0.024042532
C	6.187693	-4.612196	3.496515	0.053738211
H	5.463558	-4.622924	4.316523	-0.038441363
H	5.966196	-5.476791	2.864255	-0.039677686
H	7.196505	-4.709087	3.903467	-0.018409612
C	0.696124	-4.569457	1.5885	-0.048860592
H	-0.38833	-4.543999	1.460335	0.015911385
H	1.094703	-5.451806	1.077076	0.039570753
H	0.938541	-4.673492	2.648761	0.03564633
H	0.361863	-2.78664	-0.690766	-0.004663939
