 C    -3.788931   -2.519969   -0.001831    0.173504
 C    -2.659725   -3.359103   -0.002371    0.058719
 C    -1.525365   -2.563540   -0.001000    0.104455
 C    -1.994532   -1.216449    0.000267    0.064810
 N    -3.388090   -1.242673   -0.000235   -0.002073
 H    -2.686858   -4.441022   -0.003750    0.000000
 C    -1.309497   -0.000003    0.000639   -0.000003
 C    -1.994533    1.216443    0.000305   -0.064806
 C    -1.525353    2.563531   -0.000963   -0.104458
 N    -3.388094    1.242678   -0.000331    0.002073
 C    -2.659702    3.359102   -0.002426   -0.058714
 C    -3.788919    2.519987   -0.001980   -0.173506
 H    -2.686818    4.441022   -0.003843   -0.000000
 B    -4.322877   -0.000002    0.003011    0.000000
 F    -5.118663   -0.000060   -1.138841    0.000000
 F    -5.110716    0.000023    1.150238   -0.000000
 C     0.179570   -0.000012    0.000543   -0.000000
 C     0.870823   -0.000207    1.220268    0.000003
 C     0.870547    0.000189   -1.219351   -0.000003
 C     0.181978   -0.000416    2.476150    0.000001
 C     2.304910   -0.000277    1.219607    0.000001
 C     2.304625    0.000260   -1.219021   -0.000001
 C     0.181434    0.000409   -2.475088   -0.000001
 C     0.870243   -0.000811    3.651789   -0.000003
 H    -0.903053   -0.000276    2.479228    0.000000
 C     2.985624   -0.000825    2.480432   -0.000004
 C     3.004066   -0.000007    0.000213   -0.000000
 C     2.985061    0.000816   -2.479999    0.000004
 H    -0.903594    0.000271   -2.477937   -0.000000
 C     0.869433    0.000822   -3.650884    0.000003
 C     2.293605   -0.001074    3.653887    0.000002
 H     0.332258   -0.000976    4.594801   -0.000000
 H     4.070237   -0.001086    2.485316    0.000000
 C     2.292791    0.001081   -3.653305   -0.000002
 H     4.069673    0.001073   -2.485123   -0.000000
 H     0.331233    0.001001   -4.593774    0.000000
 H     2.827509   -0.001514    4.599310   -0.000000
 H     2.826486    0.001533   -4.598846    0.000000
 C     4.496927   -0.000001    0.000003    0.000000
 C     5.205244    1.204142    0.003579   -0.000001
 C     5.205251   -1.204139   -0.003851    0.000001
 C     6.596965    1.204449    0.003295   -0.000001
 H     4.656774    2.141932    0.006581   -0.000000
 C     6.596972   -1.204436   -0.004139    0.000001
 H     4.656786   -2.141933   -0.006655   -0.000000
 C     7.295468    0.000009   -0.000570   -0.000000
 H     7.136206    2.147094    0.006066   -0.000000
 H     7.136218   -2.147078   -0.007143   -0.000000
 H     8.381348    0.000013   -0.000804   -0.000000
 C    -0.115016   -3.066085   -0.001146    0.001802
 H     0.436857   -2.722350   -0.881839    0.004498
 H     0.436845   -2.722937    0.879775    0.004486
 H    -0.112009   -4.159662   -0.001527    0.000000
 C    -0.114995    3.066050   -0.001048   -0.001802
 H     0.436956    2.722518    0.879667   -0.004482
 H     0.436782    2.722650   -0.881932   -0.004502
 H    -0.111961    4.159625   -0.000981   -0.000000
 C    -5.229110    2.906931   -0.003016   -0.003247
 H    -5.733505    2.488991   -0.879062   -0.010735
 H    -5.732046    2.500040    0.879126   -0.010852
 H    -5.332472    3.994134   -0.009434   -0.000000
 C    -5.229136   -2.906853   -0.002732    0.003247
 H    -5.732154   -2.499121    0.878974    0.010842
 H    -5.733391   -2.489645   -0.879214    0.010745
 H    -5.332562   -3.994055   -0.008200    0.000000
