C	-0.697982	-2.34425	-0.224062	0.014767
C	-1.309983	-3.327488	-1.037603	0.047705
C	-1.656738	-1.368094	0.045605	0.023893
N	-2.581804	-2.98745	-1.268455	0.017431
C	-2.842176	-1.779132	-0.62603	0.010524
C	-1.431423	-0.157854	0.896885	-0.003444
B	-3.596621	-3.804916	-2.118167	-0.000204
C	-4.097867	-1.176802	-0.733015	-0.002302
H	-1.411382	0.75882	0.296907	0.020489
H	-2.217403	-0.037785	1.647338	0.019869
H	-0.471092	-0.244576	1.412608	0.00602
N	-4.928133	-3.00204	-2.089661	-0.013585
F	-3.142682	-3.912663	-3.43055	0.00087
F	-3.778801	-5.062533	-1.555452	0.000207
C	-5.128662	-1.775568	-1.458505	-0.013682
C	-4.327127	0.138744	-0.075442	0.001384
C	-6.061098	-3.349766	-2.712098	-0.045034
C	-6.467448	-1.356715	-1.717837	-0.025015
C	-4.896669	0.186462	1.204684	-0.000018
C	-3.947084	1.313555	-0.739897	-0.001892
C	-7.030958	-2.352942	-2.498411	-0.007721
C	-7.166937	-0.114407	-1.260839	0.004464
C	-5.28342	-1.003567	1.901506	0.00136
C	-5.093955	1.455218	1.843017	0.000696
C	-4.133178	2.580955	-0.095448	-0.000018
C	-3.36411	1.284717	-2.048223	-0.000407
H	-8.041222	-2.372742	-2.886013	-0.030084
H	-7.291157	-0.100126	-0.172971	-0.020973
H	-6.612731	0.788757	-1.534233	-0.02071
H	-8.159331	-0.059549	-1.716975	-0.008092
C	-5.842679	-0.937814	3.141987	0.000317
H	-5.126773	-1.965104	1.423722	0.001548
C	-5.688577	1.475321	3.146498	-0.000612
C	-4.704845	2.63636	1.187501	-0.001189
C	-3.712762	3.763727	-0.786541	-0.00033
H	-3.229648	0.328159	-2.542245	-0.000556
C	-2.97952	2.43484	-2.668709	-0.000278
C	-6.05116	0.321029	3.772662	0.000812
H	-6.131585	-1.849628	3.655531	0.000208
H	-5.847485	2.432857	3.630489	-0.000026
C	-4.891566	3.955374	1.860894	0.000141
C	-3.154295	3.693313	-2.027054	-0.000484
H	-3.845098	4.724094	-0.300128	-0.000016
H	-2.537685	2.394232	-3.659621	-0.000728
H	-6.501191	0.356957	4.760074	-0.000136
C	-6.033039	4.722917	1.616983	0.000119
C	-3.924402	4.439565	2.745285	0.000148
H	-2.840013	4.600862	-2.533487	-0.000116
C	-6.204572	5.952514	2.246032	0.000078
H	-6.786591	4.349101	0.929446	0.004776
C	-4.095423	5.668926	3.374512	-0.000125
H	-3.036098	3.844171	2.936969	-0.004764
C	-5.236029	6.427853	3.126059	-0.000226
H	-7.096649	6.539515	2.048555	0.001345
H	-3.336387	6.03442	4.059839	-0.001313
H	-5.369877	7.387092	3.617071	-0.000012
C	-0.696793	-4.569393	-1.588662	-0.014586
H	-1.095337	-5.451668	-1.077074	0.03202
H	-0.939395	-4.673531	-2.648867	0.030258
H	0.38768	-4.543982	-1.460649	0.012568
C	-6.188585	-4.611971	-3.495803	0.014565
H	-5.463941	-4.623399	-4.315345	-0.03208
H	-5.967912	-5.476435	-2.863058	-0.031916
H	-7.197206	-4.708492	-3.903309	-0.013767
H	-0.362228	-2.786597	0.690541	0.027857
C	1.309462	-3.327631	1.037428	0.047699
C	0.6976	-2.344333	0.223862	0.014759
C	1.656465	-1.368256	-0.045736	0.023905
C	2.841805	-1.779396	0.62599	0.010573
N	2.581305	-2.987713	1.268349	0.017394
C	4.097585	-1.177242	0.732952	-0.002274
C	5.128283	-1.776108	1.458495	-0.01371
C	6.467086	-1.357351	1.717904	-0.025008
N	4.927567	-3.002478	2.089794	-0.013612
C	7.030394	-2.353493	2.498731	-0.007709
C	6.060417	-3.350198	2.712439	-0.045002
H	8.040619	-2.373349	2.886434	-0.030088
B	3.595893	-3.805108	2.118399	-0.000217
F	3.14183	-3.912401	3.430764	0.000877
F	3.777872	-5.062921	1.556034	0.000203
C	4.327042	0.138243	0.075332	0.001407
C	4.896486	0.185817	-1.204842	-0.000004
C	3.947328	1.313146	0.73981	-0.001913
C	5.282875	-1.004315	-1.901688	0.001369
C	5.094067	1.454524	-1.843182	0.000665
C	4.133715	2.580502	0.095358	0.000036
C	3.364425	1.284445	2.048171	-0.00043
C	5.842063	-0.938711	-3.142209	0.000298
H	5.126009	-1.965811	-1.423893	0.001552
C	5.688614	1.474466	-3.1467	-0.000548
C	4.705334	2.635769	-1.187621	-0.001211
C	3.713635	3.763375	0.786487	-0.00037
H	3.229737	0.327917	2.542189	-0.000553
C	2.98017	2.434662	2.668691	-0.00023
C	6.050841	0.320077	-3.772892	0.000789
H	6.130687	-1.850602	-3.655776	0.0002
H	5.84776	2.431956	-3.630703	-0.000044
C	3.155227	3.693094	2.027033	-0.000461
H	3.846172	4.723713	0.300072	-0.000017
H	2.538384	2.394159	3.659629	-0.000741
H	6.500817	0.355887	-4.760334	-0.000143
H	2.841199	4.600718	2.533489	-0.000116
C	4.892429	3.954743	-1.860986	0.000163
C	6.034076	4.721993	-1.616967	0.00008
C	3.925461	4.439202	-2.745446	0.000113
C	6.205974	5.951561	-2.245974	0.000124
H	6.787478	4.34797	-0.929378	0.004772
C	4.096846	5.668532	-3.374631	-0.00008
H	3.037019	3.84404	-2.937214	-0.004764
C	5.237624	6.427165	-3.126068	-0.00024
H	7.098186	6.538327	-2.048412	0.001343
H	3.337959	6.034237	-4.060009	-0.001316
H	5.371753	7.38638	-3.617049	-0.000025
C	1.431317	-0.157985	-0.897012	-0.003388
H	1.411603	0.758714	-0.297066	0.020475
H	2.217227	-0.038144	-1.647582	0.019844
H	0.470902	-0.244486	-1.412612	0.006001
C	7.166779	-0.115202	1.260789	0.00449
H	7.290883	-0.100965	0.17291	-0.020984
H	6.612776	0.788079	1.53422	-0.020721
H	8.15923	-0.06053	1.716823	-0.008096
C	6.187693	-4.612196	3.496515	0.014542
H	5.463558	-4.622924	4.316523	-0.032064
H	5.966196	-5.476791	2.864255	-0.031938
H	7.196505	-4.709087	3.903467	-0.013778
C	0.696124	-4.569457	1.5885	-0.014568
H	-0.38833	-4.543999	1.460335	0.012553
H	1.094703	-5.451806	1.077076	0.03205
H	0.938541	-4.673492	2.648761	0.030235
H	0.361863	-2.78664	-0.690766	0.02785
