C     1.309462   -3.327631    1.037428  -0.1001522729
C     0.697600   -2.344333    0.223862  -0.1416411659
C     1.656465   -1.368256   -0.045736   0.0301570742
C     2.841805   -1.779396    0.625990  -0.0429201558
N     2.581305   -2.987713    1.268349   0.0218398471
C     4.097585   -1.177242    0.732952   0.0138029981
C     5.128283   -1.776108    1.458495   0.0510869957
C     6.467086   -1.357351    1.717904   0.0371364515
N     4.927567   -3.002478    2.089794  -0.0160349985
C     7.030395   -2.353493    2.498731   0.0372526245
C     6.060417   -3.350198    2.712439   0.1295334359
H     8.040620   -2.373349    2.886434   0.0011743881
B     3.595893   -3.805108    2.118399  -0.0146006356
F     3.141830   -3.912401    3.430764   0.0032658133
F     3.777872   -5.062921    1.556034   0.0037095691
C     4.327042    0.138243    0.075332  -0.0321366958
C     4.896486    0.185817   -1.204842   0.0092165043
C     3.947328    1.313146    0.739810   0.0088004594
C     5.282875   -1.004315   -1.901688  -0.0137747594
C     5.094067    1.454524   -1.843182  -0.0107068760
C     4.133715    2.580502    0.095358  -0.0115872004
C     3.364425    1.284445    2.048171  -0.0272819779
C     5.842063   -0.938711   -3.142209   0.0073829636
H     5.126009   -1.965811   -1.423893  -0.0011119977
C     5.688614    1.474466   -3.146700   0.0108838358
C     4.705334    2.635769   -1.187621   0.0264786193
C     3.713635    3.763375    0.786487   0.0126735617
H     3.229737    0.327917    2.542189   0.0039267710
C     2.980170    2.434662    2.668691   0.0227258154
C     6.050841    0.320077   -3.772892  -0.0042374014
H     6.130687   -1.850602   -3.655776   0.0016343276
H     5.847760    2.431956   -3.630703   0.0011466627
C     3.155227    3.693094    2.027033  -0.0088594107
H     3.846172    4.723713    0.300072   0.0025010393
H     2.538384    2.394159    3.659629   0.0004499789
H     6.500817    0.355887   -4.760334   0.0024242186
H     2.841199    4.600718    2.533489   0.0035093030
C     4.892429    3.954743   -1.860986  -0.0163806433
C     6.034076    4.721993   -1.616967  -0.0092448919
C     3.925461    4.439202   -2.745446   0.0158222633
C     6.205974    5.951562   -2.245974   0.0062804756
H     6.787478    4.347970   -0.929378   0.0009555401
C     4.096846    5.668532   -3.374631  -0.0032220291
H     3.037019    3.844040   -2.937214  -0.0022516024
C     5.237624    6.427166   -3.126068   0.0038138979
H     7.098186    6.538328   -2.048412  -0.0004309596
H     3.337959    6.034237   -4.060009   0.0040954996
H     5.371753    7.386381   -3.617049   0.0016323261
C     1.431317   -0.157985   -0.897012  -0.0169846785
H     1.411603    0.758714   -0.297066   0.0070686035
H     2.217227   -0.038144   -1.647582   0.0050738086
H     0.470902   -0.244486   -1.412612  -0.0098626138
C     7.166779   -0.115202    1.260789  -0.0506348875
H     7.290883   -0.100965    0.172910   0.0223720651
H     6.612776    0.788079    1.534220   0.0252979455
H     8.159231   -0.060530    1.716823   0.0221401453
C    -0.697982   -2.344250   -0.224062   0.1471421599
C    -1.309983   -3.327488   -1.037603   0.0964620782
C    -1.656738   -1.368094    0.045605  -0.0315972914
N    -2.581804   -2.987450   -1.268455  -0.0194625555
C    -2.842176   -1.779132   -0.626030   0.0414459922
C    -1.431423   -0.157854    0.896885   0.0112971940
B    -3.596621   -3.804916   -2.118167   0.0158888492
C    -4.097867   -1.176802   -0.733015  -0.0110186986
H    -1.411382    0.758820    0.296907  -0.0053158341
H    -2.217403   -0.037785    1.647338  -0.0034597775
H    -0.471092   -0.244576    1.412608   0.0109309525
N    -4.928133   -3.002040   -2.089661   0.0151987087
F    -3.142682   -3.912663   -3.430550  -0.0035965907
F    -3.778801   -5.062533   -1.555452  -0.0042702530
C    -5.128662   -1.775568   -1.458505  -0.0556620292
C    -4.327127    0.138744   -0.075442   0.0352743594
C    -6.061098   -3.349766   -2.712098  -0.1272672551
C    -6.467448   -1.356715   -1.717837  -0.0304159726
C    -4.896669    0.186462    1.204684  -0.0132037112
C    -3.947084    1.313555   -0.739897  -0.0107122993
C    -7.030959   -2.352942   -2.498411  -0.0421384822
C    -7.166938   -0.114407   -1.260839   0.0443258764
C    -5.283420   -1.003567    1.901506   0.0163035166
C    -5.093955    1.455218    1.843017   0.0126061228
C    -4.133178    2.580955   -0.095448   0.0119808965
C    -3.364110    1.284717   -2.048223   0.0281632705
H    -8.041223   -2.372742   -2.886013  -0.0001063221
H    -7.291158   -0.100126   -0.172971  -0.0211413170
H    -6.612732    0.788757   -1.534233  -0.0238344996
H    -8.159332   -0.059549   -1.716975  -0.0208262576
C    -5.842679   -0.937814    3.141987  -0.0090229130
H    -5.126773   -1.965104    1.423722   0.0006057163
C    -5.688577    1.475321    3.146498  -0.0120123496
C    -4.704845    2.636360    1.187501  -0.0278182968
C    -3.712762    3.763727   -0.786541  -0.0121569981
H    -3.229648    0.328159   -2.542245  -0.0045346746
C    -2.979520    2.434840   -2.668709  -0.0234582337
C    -6.051160    0.321029    3.772662   0.0058823524
H    -6.131585   -1.849628    3.655531  -0.0014581411
H    -5.847485    2.432857    3.630489  -0.0011491689
C    -4.891566    3.955374    1.860894   0.0177615273
C    -3.154295    3.693313   -2.027054   0.0088511529
H    -3.845098    4.724094   -0.300128  -0.0028050532
H    -2.537685    2.394232   -3.659621  -0.0000576417
H    -6.501192    0.356957    4.760074  -0.0027521233
C    -6.033040    4.722917    1.616983   0.0088917465
C    -3.924402    4.439565    2.745285  -0.0166158414
H    -2.840013    4.600862   -2.533487  -0.0034937725
C    -6.204573    5.952514    2.246032  -0.0063050726
H    -6.786592    4.349101    0.929446  -0.0007884961
C    -4.095423    5.668926    3.374512   0.0034847929
H    -3.036098    3.844171    2.936969   0.0025556322
C    -5.236030    6.427853    3.126059  -0.0039201436
H    -7.096650    6.539515    2.048555   0.0004400690
H    -3.336387    6.034420    4.059839  -0.0041635283
H    -5.369878    7.387092    3.617071  -0.0015899295
C     6.187693   -4.612196    3.496515  -0.0453435506
H     5.463558   -4.622924    4.316523   0.0313890378
H     5.966196   -5.476791    2.864255   0.0311999518
H     7.196506   -4.709087    3.903467   0.0167166859
C     0.696124   -4.569457    1.588500  -0.0029856494
H    -0.388330   -4.543999    1.460335  -0.0080439648
H     1.094703   -5.451806    1.077076  -0.0147239620
H     0.938541   -4.673492    2.648761  -0.0037672986
C    -0.696793   -4.569393   -1.588662  -0.0032426604
H    -1.095337   -5.451668   -1.077074   0.0166776743
H    -0.939395   -4.673531   -2.648867   0.0058421611
H     0.387680   -4.543982   -1.460649   0.0094250031
C    -6.188585   -4.611971   -3.495803   0.0487255572
H    -5.463941   -4.623399   -4.315345  -0.0325910036
H    -5.967912   -5.476435   -2.863058  -0.0321229465
H    -7.197206   -4.708492   -3.903309  -0.0177244520
