 C     1.309462   -3.327631    1.037428   -0.116255
 C     0.697600   -2.344333    0.223862   -0.040615
 C     1.656465   -1.368256   -0.045736   -0.048068
 C     2.841805   -1.779396    0.625990   -0.042533
 N     2.581305   -2.987713    1.268349   -0.002451
 C     4.097585   -1.177242    0.732952    0.005867
 C     5.128283   -1.776108    1.458495    0.044958
 C     6.467086   -1.357351    1.717904    0.069848
 N     4.927567   -3.002478    2.089794   -0.000104
 C     7.030395   -2.353493    2.498731    0.040154
 C     6.060417   -3.350198    2.712439    0.115606
 H     8.040620   -2.373349    2.886434   -0.000000
 B     3.595893   -3.805108    2.118399   -0.000179
 F     3.141830   -3.912401    3.430764   -0.000074
 F     3.777872   -5.062921    1.556034   -0.000175
 C     4.327042    0.138243    0.075332    0.000005
 C     4.896486    0.185817   -1.204842    0.001049
 C     3.947328    1.313146    0.739810   -0.000869
 C     5.282875   -1.004315   -1.901688    0.000264
 C     5.094067    1.454524   -1.843182    0.000243
 C     4.133715    2.580502    0.095358   -0.000099
 C     3.364425    1.284445    2.048171   -0.000069
 C     5.842063   -0.938711   -3.142209   -0.000899
 H     5.126009   -1.965811   -1.423893   -0.000049
 C     5.688614    1.474466   -3.146700   -0.001149
 C     4.705334    2.635769   -1.187621   -0.000418
 C     3.713635    3.763375    0.786487    0.000893
 H     3.229737    0.327917    2.542189    0.000008
 C     2.980170    2.434662    2.668691    0.000784
 C     6.050841    0.320077   -3.772892    0.000662
 H     6.130687   -1.850602   -3.655776   -0.000006
 H     5.847760    2.431956   -3.630703    0.000008
 C     3.155227    3.693094    2.027033   -0.000420
 H     3.846172    4.723713    0.300072   -0.000006
 H     2.538384    2.394159    3.659629    0.000007
 H     6.500817    0.355887   -4.760334   -0.000007
 H     2.841199    4.600718    2.533489    0.000007
 C     4.892429    3.954743   -1.860986   -0.000002
 C     6.034076    4.721993   -1.616967   -0.000011
 C     3.925461    4.439202   -2.745446   -0.000011
 C     6.205974    5.951561   -2.245974   -0.000001
 H     6.787478    4.347970   -0.929378   -0.000001
 C     4.096846    5.668532   -3.374631   -0.000004
 H     3.037019    3.844040   -2.937214   -0.000001
 C     5.237624    6.427165   -3.126068   -0.000002
 H     7.098186    6.538327   -2.048412   -0.000001
 H     3.337959    6.034237   -4.060009   -0.000001
 H     5.371753    7.386381   -3.617049   -0.000000
 C     1.431317   -0.157985   -0.897012   -0.000903
 H     1.411603    0.758714   -0.297066   -0.003083
 H     2.217227   -0.038144   -1.647582   -0.001682
 H     0.470902   -0.244486   -1.412612   -0.000128
 C     7.166780   -0.115202    1.260789    0.001145
 H     7.290884   -0.100965    0.172910    0.003581
 H     6.612776    0.788079    1.534220    0.002428
 H     8.159231   -0.060530    1.716823    0.000060
 C    -0.697982   -2.344250   -0.224062    0.040615
 C    -1.309983   -3.327488   -1.037603    0.116254
 C    -1.656738   -1.368094    0.045605    0.048069
 N    -2.581804   -2.987450   -1.268455    0.002450
 C    -2.842176   -1.779132   -0.626030    0.042537
 C    -1.431423   -0.157854    0.896885    0.000903
 B    -3.596621   -3.804916   -2.118167    0.000179
 C    -4.097867   -1.176802   -0.733015   -0.005867
 H    -1.411382    0.758820    0.296907    0.003084
 H    -2.217403   -0.037785    1.647338    0.001681
 H    -0.471092   -0.244576    1.412608    0.000128
 N    -4.928133   -3.002040   -2.089661    0.000105
 F    -3.142682   -3.912663   -3.430550    0.000074
 F    -3.778801   -5.062533   -1.555452    0.000175
 C    -5.128662   -1.775568   -1.458505   -0.044959
 C    -4.327127    0.138744   -0.075442   -0.000006
 C    -6.061098   -3.349766   -2.712098   -0.115608
 C    -6.467448   -1.356715   -1.717837   -0.069850
 C    -4.896669    0.186462    1.204684   -0.001050
 C    -3.947084    1.313555   -0.739897    0.000871
 C    -7.030958   -2.352942   -2.498411   -0.040155
 C    -7.166938   -0.114407   -1.260839   -0.001145
 C    -5.283420   -1.003567    1.901506   -0.000264
 C    -5.093955    1.455218    1.843017   -0.000243
 C    -4.133178    2.580955   -0.095448    0.000100
 C    -3.364110    1.284717   -2.048223    0.000068
 H    -8.041223   -2.372742   -2.886013    0.000000
 H    -7.291158   -0.100126   -0.172971   -0.003583
 H    -6.612731    0.788757   -1.534233   -0.002426
 H    -8.159332   -0.059549   -1.716975   -0.000061
 C    -5.842679   -0.937814    3.141987    0.000900
 H    -5.126773   -1.965104    1.423722    0.000049
 C    -5.688577    1.475321    3.146498    0.001151
 C    -4.704845    2.636360    1.187501    0.000419
 C    -3.712762    3.763727   -0.786541   -0.000894
 H    -3.229648    0.328159   -2.542245   -0.000008
 C    -2.979520    2.434840   -2.668709   -0.000785
 C    -6.051160    0.321029    3.772662   -0.000663
 H    -6.131585   -1.849628    3.655531    0.000006
 H    -5.847485    2.432857    3.630489   -0.000008
 C    -4.891566    3.955374    1.860894    0.000002
 C    -3.154295    3.693313   -2.027054    0.000420
 H    -3.845098    4.724094   -0.300128    0.000006
 H    -2.537685    2.394232   -3.659621   -0.000007
 H    -6.501191    0.356957    4.760074    0.000007
 C    -6.033039    4.722917    1.616983    0.000011
 C    -3.924402    4.439565    2.745285    0.000011
 H    -2.840013    4.600862   -2.533487   -0.000007
 C    -6.204572    5.952514    2.246032    0.000001
 H    -6.786591    4.349101    0.929446    0.000001
 C    -4.095423    5.668926    3.374512    0.000004
 H    -3.036098    3.844171    2.936969    0.000001
 C    -5.236029    6.427853    3.126059    0.000002
 H    -7.096650    6.539515    2.048555    0.000001
 H    -3.336387    6.034420    4.059839    0.000001
 H    -5.369877    7.387093    3.617071    0.000000
 C     6.187693   -4.612196    3.496515    0.002206
 H     5.463558   -4.622924    4.316523    0.007315
 H     5.966196   -5.476791    2.864255    0.006995
 H     7.196506   -4.709087    3.903467    0.000002
 C     0.696124   -4.569457    1.588500   -0.001499
 H    -0.388330   -4.543999    1.460335    0.000482
 H     1.094703   -5.451806    1.077076   -0.008405
 H     0.938541   -4.673492    2.648761   -0.005211
 C    -0.696793   -4.569393   -1.588662    0.001499
 H    -1.095337   -5.451668   -1.077074    0.008406
 H    -0.939395   -4.673531   -2.648867    0.005209
 H     0.387680   -4.543982   -1.460649   -0.000482
 C    -6.188585   -4.611971   -3.495803   -0.002206
 H    -5.463941   -4.623399   -4.315345   -0.007308
 H    -5.967912   -5.476435   -2.863058   -0.007002
 H    -7.197207   -4.708492   -3.903309   -0.000001
